-4.498264203894925650e+00,3.857142999999997102e+00
-4.491749763044810884e+00,3.857143000000000654e+00
-4.483250236955188761e+00,3.857143000000000210e+00
-4.476735796105073995e+00,3.857143000000000210e+00
-4.473264203894926183e+00,3.857142999999997102e+00
-4.466749763044811417e+00,3.857143000000000654e+00
-4.458250236955189294e+00,3.857143000000000210e+00
-4.451735796105074527e+00,3.857143000000000210e+00
-4.448264203894925828e+00,3.857142999999997102e+00
-4.441749763044811061e+00,3.857143000000000654e+00
-4.433250236955188939e+00,3.857143000000000210e+00
-4.426735796105074172e+00,3.857143000000000210e+00
-4.423264203894925473e+00,3.857142999999997102e+00
-4.416749763044810706e+00,3.857143000000000654e+00
-4.408250236955188583e+00,3.857143000000000210e+00
-4.401735796105073817e+00,3.857143000000000210e+00
-4.398264203894926005e+00,3.857142999999997102e+00
-4.391749763044811239e+00,3.857143000000000654e+00
-4.383250236955189116e+00,3.857143000000000210e+00
-4.376735796105074350e+00,3.857143000000000210e+00
-4.373264203894925650e+00,3.857142999999997102e+00
-4.366749763044810884e+00,3.857143000000000654e+00
-4.358250236955188761e+00,3.857143000000000210e+00
-4.351735796105073995e+00,3.857143000000000210e+00
-4.348264203894926183e+00,3.857142999999997102e+00
-4.341749763044811417e+00,3.857143000000000654e+00
-4.333250236955189294e+00,3.857143000000000210e+00
-4.326735796105074527e+00,3.857143000000000210e+00
-4.323264203894925828e+00,3.857142999999997102e+00
-4.316749763044811061e+00,3.857143000000000654e+00
-4.308250236955188939e+00,3.857143000000000210e+00
-4.301735796105074172e+00,3.857143000000000210e+00
-4.298264203894925473e+00,3.857142999999997102e+00
-4.291749763044810706e+00,3.857143000000000654e+00
-4.283250236955188583e+00,3.857143000000000210e+00
-4.276735796105073817e+00,3.857143000000000210e+00
-4.273264203894926005e+00,3.857142999999997102e+00
-4.266749763044811239e+00,3.857143000000000654e+00
-4.258250236955189116e+00,3.857143000000000210e+00
-4.251735796105074350e+00,3.857143000000000210e+00
-4.248264203894925650e+00,3.857142999999997102e+00
-4.241749763044810884e+00,3.857143000000000654e+00
-4.233250236955188761e+00,3.857143000000000210e+00
-4.226735796105073995e+00,3.857143000000000210e+00
-4.223264203894926183e+00,3.857142999999997102e+00
-4.216749763044811417e+00,3.857143000000000654e+00
-4.208250236955189294e+00,3.857143000000000210e+00
-4.201735796105074527e+00,3.857143000000000210e+00
-4.198264203894925828e+00,3.857142999999997102e+00
-4.191749763044811061e+00,3.857143000000000654e+00
-4.183250236955188939e+00,3.857143000000000210e+00
-4.176735796105074172e+00,3.857143000000000210e+00
-4.173264203894925473e+00,3.857142999999997102e+00
-4.166749763044810706e+00,3.857143000000000654e+00
-4.158250236955188583e+00,3.857143000000000210e+00
-4.151735796105073817e+00,3.857143000000000210e+00
-4.148264203894926005e+00,3.857142999999997102e+00
-4.141749763044811239e+00,3.857143000000000654e+00
-4.133250236955189116e+00,3.857143000000000210e+00
-4.126735796105074350e+00,3.857143000000000210e+00
-4.123264203894925650e+00,3.857142999999997102e+00
-4.116749763044810884e+00,3.857143000000000654e+00
-4.108250236955188761e+00,3.857143000000000210e+00
-4.101735796105073995e+00,3.857143000000000210e+00
-4.098264203894926183e+00,3.857142999999997102e+00
-4.091749763044811417e+00,3.857143000000000654e+00
-4.083250236955189294e+00,3.857143000000000210e+00
-4.076735796105074527e+00,3.857143000000000210e+00
-4.073264203894925828e+00,3.857142999999997102e+00
-4.066749763044811061e+00,3.857143000000000654e+00
-4.058250236955188939e+00,3.857143000000000210e+00
-4.051735796105074172e+00,3.857143000000000210e+00
-4.048264203894925473e+00,3.857142999999997102e+00
-4.041749763044810706e+00,3.857143000000000654e+00
-4.033250236955188583e+00,3.857143000000000210e+00
-4.026735796105073817e+00,3.857143000000000210e+00
-4.023264203894926005e+00,3.857142999999989996e+00
-4.016749763044811239e+00,3.857143000000021971e+00
-4.008250236955189116e+00,3.857143000000025523e+00
-4.001735796105074350e+00,3.857143000000000654e+00
-3.998264203894925650e+00,3.857142999999975785e+00
-3.991749763044810440e+00,3.857142999999982891e+00
-3.983250236955189205e+00,3.857143000000029076e+00
-3.976735796105073995e+00,3.857143000000046840e+00
-3.973264203894926183e+00,3.857143000000036182e+00
-3.966749763044810972e+00,3.857143000000014865e+00
-3.958250236955189738e+00,3.857143000000021971e+00
-3.951735796105074527e+00,3.857143000000043287e+00
-3.948264203894925828e+00,3.857143000000050392e+00
-3.941749763044810617e+00,3.857143000000064603e+00
-3.933250236955189383e+00,3.857143000000043287e+00
-3.926735796105074172e+00,3.857143000000014865e+00
-3.923264203894925473e+00,3.857143000000007760e+00
-3.916749763044810262e+00,3.857143000000029076e+00
-3.908250236955189028e+00,3.857143000000014865e+00
-3.901735796105073817e+00,3.857142999999993549e+00
-3.898264203894926005e+00,3.857142999999982891e+00
-3.891749763044810795e+00,3.857143000000014865e+00
-3.883250236955189560e+00,3.857143000000014865e+00
-3.876735796105074350e+00,3.857142999999986444e+00
-3.873264203894925650e+00,3.857142999999958022e+00
-3.866749763044810440e+00,3.857142999999961575e+00
-3.858250236955189205e+00,3.857143000000025523e+00
-3.851735796105073995e+00,3.857143000000036182e+00
-3.848264203894926183e+00,3.857143000000011313e+00
-3.841749763044810972e+00,3.857143000000007760e+00
-3.833250236955189738e+00,3.857143000000043287e+00
-3.826735796105074527e+00,3.857143000000068156e+00
-3.823264203894925828e+00,3.857143000000053945e+00
-3.816749763044810617e+00,3.857143000000061051e+00
-3.808250236955189383e+00,3.857143000000103683e+00
-3.801735796105074172e+00,3.857143000000107236e+00
-3.798264203894925473e+00,3.857143000000085920e+00
-3.791749763044810262e+00,3.857143000000071709e+00
-3.783250236955189028e+00,3.857143000000089472e+00
-3.776735796105073817e+00,3.857143000000121447e+00
-3.773264203894926005e+00,3.857143000000124999e+00
-3.766749763044810795e+00,3.857143000000107236e+00
-3.758250236955189560e+00,3.857143000000121447e+00
-3.751735796105074350e+00,3.857143000000146316e+00
-3.748264203894925650e+00,3.857143000000156974e+00
-3.741749763044810440e+00,3.857143000000124999e+00
-3.733250236955189205e+00,3.857143000000121447e+00
-3.726735796105073995e+00,3.857143000000142763e+00
-3.723264203894926183e+00,3.857143000000146316e+00
-3.716749763044810972e+00,3.857143000000107236e+00
-3.708250236955189738e+00,3.857143000000100130e+00
-3.701735796105074527e+00,3.857143000000128552e+00
-3.698264203894925828e+00,3.857143000000142763e+00
-3.691749763044810617e+00,3.857143000000093025e+00
-3.683250236955189383e+00,3.857143000000075261e+00
-3.676735796105074172e+00,3.857143000000096578e+00
-3.673264203894925473e+00,3.857143000000107236e+00
-3.666749763044810262e+00,3.857143000000121447e+00
-3.658250236955189028e+00,3.857143000000107236e+00
-3.651735796105073817e+00,3.857143000000082367e+00
-3.648264203894926005e+00,3.857143000000075261e+00
-3.641749763044810795e+00,3.857143000000089472e+00
-3.633250236955189560e+00,3.857143000000068156e+00
-3.626735796105074350e+00,3.857143000000046840e+00
-3.623264203894925650e+00,3.857143000000046840e+00
-3.616749763044810440e+00,3.857143000000057498e+00
-3.608250236955189205e+00,3.857143000000029076e+00
-3.601735796105073995e+00,3.857142999999997102e+00
-3.598264203894926183e+00,3.857142999999989996e+00
-3.591749763044810972e+00,3.857142999999989996e+00
-3.583250236955189738e+00,3.857142999999950916e+00
-3.576735796105074527e+00,3.857142999999943811e+00
-3.573264203894925828e+00,3.857142999999954469e+00
-3.566749763044810617e+00,3.857142999999958022e+00
-3.558250236955189383e+00,3.857142999999904731e+00
-3.551735796105074172e+00,3.857142999999901178e+00
-3.548264203894925473e+00,3.857142999999911837e+00
-3.541749763044810262e+00,3.857142999999936706e+00
-3.533250236955189028e+00,3.857142999999922495e+00
-3.526735796105073817e+00,3.857142999999894073e+00
-3.523264203894926005e+00,3.857142999999886968e+00
-3.516749763044810795e+00,3.857142999999904731e+00
-3.508250236955189560e+00,3.857142999999886968e+00
-3.501735796105074350e+00,3.857142999999862099e+00
-3.498264203894925650e+00,3.857142999999851440e+00
-3.491749763044810440e+00,3.857142999999890520e+00
-3.483250236955189205e+00,3.857142999999890520e+00
-3.476735796105073995e+00,3.857142999999869204e+00
-3.473264203894925739e+00,3.857142999999858546e+00
-3.466749763044810528e+00,3.857142999999894073e+00
-3.458250236955189294e+00,3.857142999999897626e+00
-3.451735796105074083e+00,3.857142999999879862e+00
-3.448264203894925828e+00,3.857142999999862099e+00
-3.441749763044810617e+00,3.857142999999890520e+00
-3.433250236955189383e+00,3.857142999999915389e+00
-3.426735796105074172e+00,3.857142999999908284e+00
-3.423264203894925473e+00,3.857142999999890520e+00
-3.416749763044810262e+00,3.857142999999940258e+00
-3.408250236955189028e+00,3.857142999999954469e+00
-3.401735796105073817e+00,3.857142999999936706e+00
-3.398264203894926005e+00,3.857142999999918942e+00
-3.391749763044810795e+00,3.857142999999965127e+00
-3.383250236955189560e+00,3.857142999999982891e+00
-3.376735796105074350e+00,3.857142999999965127e+00
-3.373264203894925650e+00,3.857142999999943811e+00
-3.366749763044810440e+00,3.857142999999943811e+00
-3.358250236955189205e+00,3.857142999999968680e+00
-3.351735796105073995e+00,3.857142999999993549e+00
-3.348264203894925739e+00,3.857142999999989996e+00
-3.341749763044810528e+00,3.857143000000032629e+00
-3.333250236955189294e+00,3.857143000000050392e+00
-3.326735796105074083e+00,3.857143000000032629e+00
-3.323264203894925828e+00,3.857143000000007760e+00
-3.316749763044810617e+00,3.857143000000039734e+00
-3.308250236955189383e+00,3.857143000000057498e+00
-3.301735796105074172e+00,3.857143000000039734e+00
-3.298264203894925473e+00,3.857143000000014865e+00
-3.291749763044810262e+00,3.857143000000064603e+00
-3.283250236955189028e+00,3.857143000000089472e+00
-3.276735796105073817e+00,3.857143000000075261e+00
-3.273264203894926005e+00,3.857143000000053945e+00
-3.266749763044810795e+00,3.857143000000039734e+00
-3.258250236955189560e+00,3.857143000000057498e+00
-3.251735796105074350e+00,3.857143000000085920e+00
-3.248264203894925650e+00,3.857143000000085920e+00
-3.241749763044810440e+00,3.857143000000078814e+00
-3.233250236955189205e+00,3.857143000000124999e+00
-3.226735796105073995e+00,3.857143000000139210e+00
-3.223264203894925739e+00,3.857143000000117894e+00
-3.216749763044810528e+00,3.857143000000100130e+00
-3.208250236955189294e+00,3.857143000000124999e+00
-3.201735796105074083e+00,3.857143000000160526e+00
-3.198264203894925828e+00,3.857143000000146316e+00
-3.191749763044810617e+00,3.857143000000171185e+00
-3.183250236955189383e+00,3.857143000000192501e+00
-3.176735796105074172e+00,3.857143000000181843e+00
-3.173264203894925473e+00,3.857143000000156974e+00
-3.166749763044810262e+00,3.857143000000171185e+00
-3.158250236955189028e+00,3.857143000000192501e+00
-3.151735796105073817e+00,3.857143000000181843e+00
-3.148264203894926005e+00,3.857143000000160526e+00
-3.141749763044810795e+00,3.857143000000142763e+00
-3.133250236955189560e+00,3.857143000000167632e+00
-3.126735796105074350e+00,3.857143000000203159e+00
-3.123264203894925650e+00,3.857143000000185395e+00
-3.116749763044810440e+00,3.857143000000230249e+00
-3.108250236955189205e+00,3.857142999999565003e+00
-3.101735796105073995e+00,3.857142999998994792e+00
-3.098264203894925739e+00,3.857142999998571131e+00
-3.091749763044810528e+00,3.857143000000396782e+00
-3.083250236955189294e+00,3.857143000003690592e+00
-3.076735796105074083e+00,3.857143000001121980e+00
-3.073264203894925828e+00,3.857142999999565891e+00
-3.066749763044810617e+00,3.857142999978230957e+00
-3.058250236955189383e+00,3.857143000003624422e+00
-3.051735796105074172e+00,3.857143000052077664e+00
-3.048264203894925473e+00,3.857143000084448214e+00
-3.041749763044810262e+00,3.857143000045828440e+00
-3.033250236955189028e+00,3.857142999706328013e+00
-3.026735796105073817e+00,3.857142999665326588e+00
-3.023264203894926005e+00,3.857142999663537797e+00
-3.016749763044810795e+00,3.857143001169677010e+00
-3.008250236955189560e+00,3.857143001365660240e+00
-3.001735796105074350e+00,3.857142998643771303e+00
-2.998264203894925650e+00,3.857142996790380973e+00
-2.991749763044810440e+00,3.857142990984463893e+00
-2.983250236955189205e+00,3.857143007813400359e+00
-2.976735796105073995e+00,3.857143025660930480e+00
-2.973264203894925739e+00,3.857143034224460809e+00
-2.966749763044810528e+00,3.857142998657461685e+00
-2.958250236955189294e+00,3.857142888690736182e+00
-2.951735796105074083e+00,3.857142898813774590e+00
-2.948264203894925828e+00,3.857142935316554944e+00
-2.941749763044810617e+00,3.857143366361090120e+00
-2.933250236955189383e+00,3.857143425568258621e+00
-2.926735796105074172e+00,3.857142704320226212e+00
-2.923264203894925473e+00,3.857142179235841351e+00
-2.916749763044810262e+00,3.857140659610154731e+00
-2.908250236955189028e+00,3.857143687171445734e+00
-2.901735796105073817e+00,3.857148126838687130e+00
-2.898264203894926005e+00,3.857150189773364435e+00
-2.891749763044810795e+00,3.857148656641578466e+00
-2.883250236955189560e+00,3.857127365109102257e+00
-2.876735796105074350e+00,3.857115350828966172e+00
-2.873264203894925650e+00,3.857115350741887827e+00
-2.866749763044810440e+00,3.857155183515748487e+00
-2.858250236955189205e+00,3.857234660112831559e+00
-2.851735796105073995e+00,3.857233408081897519e+00
-2.848264203894925739e+00,3.857196402088129528e+00
-2.841749763044810528e+00,3.856990821706909767e+00
-2.833250236955189294e+00,3.856811928778705933e+00
-2.826735796105074083e+00,3.856980465512070300e+00
-2.823264203894925828e+00,3.857220912918300826e+00
-2.816749763044810617e+00,3.857934875276102016e+00
-2.808250236955189383e+00,3.858337739554734469e+00
-2.801735796105074172e+00,3.857537563473221187e+00
-2.798264203894925473e+00,3.856535854267367114e+00
-2.791749763044810262e+00,3.853601038885310803e+00
-2.783250236955189028e+00,3.848315634587979428e+00
-2.776735796105073817e+00,3.843613995005288331e+00
-2.773264203894926005e+00,3.841008380042270520e+00
-2.766749763044810795e+00,3.836005596003126072e+00
-2.758250236955189560e+00,3.829347345140380998e+00
-2.751735796105074350e+00,3.824176517844275924e+00
-2.748264203894925650e+00,3.821405474376206257e+00
-2.741749763044810440e+00,3.816182308814302981e+00
-2.733250236955189205e+00,3.809343369856305284e+00
-2.726735796105073995e+00,3.804093210518111778e+00
-2.723264203894925739e+00,3.801295091514269586e+00
-2.716749763044810528e+00,3.796045322559129520e+00
-2.708250236955189294e+00,3.789201672116332631e+00
-2.701735796105074083e+00,3.783961804025096409e+00
-2.698264203894925828e+00,3.781171526127784954e+00
-2.691749763044810617e+00,3.775938938215315233e+00
-2.683250236955189383e+00,3.769116863155383967e+00
-2.676735796105074172e+00,3.763890331591982275e+00
-2.673264203894925473e+00,3.761105266502564159e+00
-2.666749763044810262e+00,3.755879830171962031e+00
-2.658250236955189028e+00,3.749062278136766846e+00
-2.651735796105073817e+00,3.743837213556833188e+00
-2.648264203894926005e+00,3.741053842855265543e+00
-2.641749763044810795e+00,3.735829003466502485e+00
-2.633250236955189560e+00,3.729049175793830440e+00
-2.626735796105074350e+00,3.723865898484658654e+00
-2.623264203894925650e+00,3.721137475225039903e+00
-2.616749763044810440e+00,3.715823321471402707e+00
-2.608250236955189205e+00,3.709109480868721054e+00
-2.601735796105073995e+00,3.704395961681905103e+00
-2.598264203894925739e+00,3.704096793560377687e+00
-2.591749763044810528e+00,3.692853840862355241e+00
-2.583250236955189294e+00,3.704701400310381754e+00
-2.576735796105074083e+00,3.737735068513305947e+00
-2.573264203894925828e+00,3.764143529844369951e+00
-2.566749763044810617e+00,3.771460624764582104e+00
-2.558250236955189383e+00,3.770732290181955104e+00
-2.551735796105074172e+00,3.792518273372258886e+00
-2.548264203894925473e+00,3.817463811677112684e+00
-2.541749763044810262e+00,3.861500847419775173e+00
-2.533250236955189028e+00,3.922524603350430628e+00
-2.526735796105073817e+00,3.965424257082724058e+00
-2.523264203894926005e+00,3.982917249384379854e+00
-2.516749763044810795e+00,4.010890166201483531e+00
-2.508250236955189560e+00,4.060178556526666149e+00
-2.501735796105074350e+00,4.089063152022220926e+00
-2.498264203894925650e+00,4.093525743724006460e+00
-2.491749763044810440e+00,4.088135741438880366e+00
-2.483250236955189205e+00,4.088342015660891171e+00
-2.476735796105073995e+00,4.090126247261781423e+00
-2.473264203894925739e+00,4.089368404724525341e+00
-2.466749763044810528e+00,4.086148469062981015e+00
-2.458250236955189294e+00,4.082340684383205520e+00
-2.451735796105074083e+00,4.079136924385430518e+00
-2.448264203894925828e+00,4.077243809022113474e+00
-2.441749763044810617e+00,4.074819963752198682e+00
-2.433250236955189383e+00,4.072306135542557826e+00
-2.426735796105074172e+00,4.070368727317389634e+00
-2.423264203894925473e+00,4.069246217094942608e+00
-2.416749763044810262e+00,4.066970008806998216e+00
-2.408250236955189028e+00,4.063147217141595213e+00
-2.401735796105073817e+00,4.060106268036967059e+00
-2.398264203894926005e+00,4.058664544456886070e+00
-2.391749763044810795e+00,4.056620385767544690e+00
-2.383250236955189560e+00,4.055893835882347531e+00
-2.376735796105074350e+00,4.056230750299977039e+00
-2.373264203894925650e+00,4.056480414231017129e+00
-2.366749763044810440e+00,4.056195594011460237e+00
-2.358250236955189205e+00,4.053545918806070070e+00
-2.351735796105073995e+00,4.050109503860082505e+00
-2.348264203894925739e+00,4.047927368807280324e+00
-2.341749763044810528e+00,4.043640332341175814e+00
-2.333250236955189294e+00,4.037832171212364152e+00
-2.326735796105074083e+00,4.033299474091315062e+00
-2.323264203894925828e+00,4.030885996695450224e+00
-2.316749763044810617e+00,4.026395932166285441e+00
-2.308250236955189383e+00,4.021022293527472868e+00
-2.301735796105074172e+00,4.017427986860816702e+00
-2.298264203894925473e+00,4.015722911387610061e+00
-2.291749763044810262e+00,4.012839562393804016e+00
-2.283250236955189028e+00,4.009154715235321298e+00
-2.276735796105073817e+00,4.005979084152425429e+00
-2.273264203894926005e+00,4.004048299136933053e+00
-2.266749763044810795e+00,3.999945318996492194e+00
-2.258250236955189560e+00,3.993808809854880959e+00
-2.251735796105074350e+00,3.988730033495115013e+00
-2.248264203894925650e+00,3.985961225624346849e+00
-2.241749763044810440e+00,3.980760990879505190e+00
-2.233250236955189205e+00,3.974236647690686297e+00
-2.226735796105073995e+00,3.969739101720436647e+00
-2.223264203894925739e+00,3.967617960265264809e+00
-2.216749763044810528e+00,3.964261640821386212e+00
-2.208250236955189294e+00,3.961201597648315698e+00
-2.201735796105074083e+00,3.959492064057423821e+00
-2.198264203894925828e+00,3.958671089637378682e+00
-2.191749763044810617e+00,3.956954668813157383e+00
-2.183250236955189383e+00,3.954089973953315962e+00
-2.176735796105074172e+00,3.951593364915956474e+00
-2.173264203894925473e+00,3.950224631882783388e+00
-2.166749763044810262e+00,3.947784805019204146e+00
-2.158250236955189028e+00,3.944667299877288258e+00
-2.151735796105073817e+00,3.941987006163453433e+00
-2.148264203894926005e+00,3.940348799499439281e+00
-2.141749763044810795e+00,3.936755005337152280e+00
-2.133250236955189560e+00,3.931161994276779481e+00
-2.126735796105074350e+00,3.926413965414655483e+00
-2.123264203894925650e+00,3.923794693450220805e+00
-2.116749763044810440e+00,3.918828565824589827e+00
-2.108250236955189205e+00,3.912399219656378602e+00
-2.101735796105073995e+00,3.907599796389859659e+00
-2.098264203894925295e+00,3.905115027557469976e+00
-2.091749763044810084e+00,3.900600030381971894e+00
-2.083250236955188850e+00,3.895086705662057280e+00
-2.076735796105073639e+00,3.891139609744460603e+00
-2.073264203894925828e+00,3.889123447087985408e+00
-2.066749763044810617e+00,3.885449040683654598e+00
-2.058250236955189383e+00,3.880636081071240806e+00
-2.051735796105074172e+00,3.876771359358766489e+00
-2.048264203894925473e+00,3.874606435963128703e+00
-2.041749763044810262e+00,3.870331401596036613e+00
-2.033250236955189028e+00,3.864436186676360574e+00
-2.026735796105073817e+00,3.859801703490362446e+00
-2.023264203894926005e+00,3.857328905615719616e+00
-2.016749763044810795e+00,3.852729391996332353e+00
-2.008250236955189560e+00,3.846813366468137207e+00
-2.001735796105074350e+00,3.842330552026985924e+00
-1.998264203894925428e+00,3.839953027342275504e+00
-1.991749763044810440e+00,3.835530812694239788e+00
-1.983250236955189205e+00,3.829854518363958960e+00
-1.976735796105074217e+00,3.825673320069622463e+00
-1.973264203894925295e+00,3.823549744497213521e+00
-1.966749763044810306e+00,3.819815471704225640e+00
-1.958250236955189072e+00,3.815844951069740976e+00
-1.951735796105074083e+00,3.813635591784955370e+00
-1.948264203894925384e+00,3.812768680022316392e+00
-1.941749763044810395e+00,3.811618181285143070e+00
-1.933250236955189161e+00,3.810229355265859486e+00
-1.926735796105074172e+00,3.808661267696019426e+00
-1.923264203894925473e+00,3.807488299282520305e+00
-1.916749763044810484e+00,3.804608305128036161e+00
-1.908250236955189250e+00,3.799801137366519921e+00
-1.901735796105074261e+00,3.795570874041258147e+00
-1.898264203894925561e+00,3.793197149228348053e+00
-1.891749763044810573e+00,3.788571105546625351e+00
-1.883250236955189338e+00,3.782240218156432743e+00
-1.876735796105074350e+00,3.777190937801842452e+00
-1.873264203894925428e+00,3.774438329787066948e+00
-1.866749763044810440e+00,3.769181188049865572e+00
-1.858250236955189205e+00,3.762166997345140818e+00
-1.851735796105074217e+00,3.756710313104372201e+00
-1.848264203894925295e+00,3.753787253175312699e+00
-1.841749763044810306e+00,3.748311338059277631e+00
-1.833250236955189072e+00,3.741318175944727376e+00
-1.826735796105074083e+00,3.736211358992335363e+00
-1.823264203894925384e+00,3.733624796160045278e+00
-1.816749763044810395e+00,3.729057833979338543e+00
-1.808250236955189161e+00,3.723750135471217249e+00
-1.801735796105074172e+00,3.720075470310793886e+00
-1.798264203894925473e+00,3.718209890830200592e+00
-1.791749763044810484e+00,3.714752156278407380e+00
-1.783250236955189250e+00,3.709954844468014823e+00
-1.776735796105074261e+00,3.705890548232518622e+00
-1.773264203894925561e+00,3.703544144042651087e+00
-1.766749763044810573e+00,3.698872207726704442e+00
-1.758250236955189338e+00,3.692384218307022792e+00
-1.751735796105074350e+00,3.687403337868074171e+00
-1.748264203894925428e+00,3.684860374276626160e+00
-1.741749763044810440e+00,3.680427244871329773e+00
-1.733250236955189205e+00,3.676007354375143255e+00
-1.726735796105074217e+00,3.673742817655897941e+00
-1.723264203894925295e+00,3.672901252249614057e+00
-1.716749763044810306e+00,3.671713829455969247e+00
-1.708250236955189072e+00,3.669564814722631407e+00
-1.701735796105074083e+00,3.666856419588415239e+00
-1.698264203894925384e+00,3.664902046359218790e+00
-1.691749763044810395e+00,3.660515797714806840e+00
-1.683250236955189161e+00,3.654100082722389065e+00
-1.676735796105074172e+00,3.649318580549988145e+00
-1.673264203894925473e+00,3.647030644000235799e+00
-1.666749763044810484e+00,3.643381651133875909e+00
-1.658250236955189250e+00,3.640395119654093126e+00
-1.651735796105074261e+00,3.639073353783168319e+00
-1.648264203894925561e+00,3.638529662512333118e+00
-1.641749763044810573e+00,3.637272468046761631e+00
-1.633250236955189338e+00,3.634055052639681094e+00
-1.626735796105074350e+00,3.630477223587738944e+00
-1.623264203894925428e+00,3.628236558776618548e+00
-1.616749763044810440e+00,3.624144539487331951e+00
-1.608250236955189205e+00,3.620387634474800276e+00
-1.601735796105074217e+00,3.618615392579682233e+00
-1.598264203894925295e+00,3.618987681855770244e+00
-1.591749763044810306e+00,3.615850651568668805e+00
-1.583250236955189072e+00,3.637130883437186046e+00
-1.576735796105074083e+00,3.670771147994967176e+00
-1.573264203894925384e+00,3.693828991656425753e+00
-1.566749763044810395e+00,3.707600240186749829e+00
-1.558250236955189161e+00,3.715232723935401271e+00
-1.551735796105074172e+00,3.739939566795598580e+00
-1.548264203894925473e+00,3.765960656752411762e+00
-1.541749763044810484e+00,3.816807632744666279e+00
-1.533250236955189250e+00,3.888433934270441039e+00
-1.526735796105074261e+00,3.940663149119785658e+00
-1.523264203894925561e+00,3.962565780675028737e+00
-1.516749763044810573e+00,4.005091979525023049e+00
-1.508250236955189338e+00,4.059888795907375503e+00
-1.501735796105074350e+00,4.080762790833182940e+00
-1.498264203894925428e+00,4.078183779952386345e+00
-1.491749763044810440e+00,4.071919150412908195e+00
-1.483250236955189205e+00,4.074010869462089346e+00
-1.476735796105074217e+00,4.077771574544290623e+00
-1.473264203894925295e+00,4.078736552992281439e+00
-1.466749763044810306e+00,4.080310752218665904e+00
-1.458250236955189072e+00,4.084114173486001143e+00
-1.451735796105074083e+00,4.087366659565945248e+00
-1.448264203894925384e+00,4.088844647945197863e+00
-1.441749763044810395e+00,4.089990905304786928e+00
-1.433250236955189161e+00,4.087586416245080123e+00
-1.426735796105074172e+00,4.084003417316854900e+00
-1.423264203894925473e+00,4.081954639206277768e+00
-1.416749763044810484e+00,4.078711002301816713e+00
-1.408250236955189250e+00,4.076771767722561890e+00
-1.401735796105074261e+00,4.076602628195004741e+00
-1.398264203894925561e+00,4.076756641791262403e+00
-1.391749763044810573e+00,4.076682657813062605e+00
-1.383250236955189338e+00,4.075018063874554564e+00
-1.376735796105074350e+00,4.072782162946611884e+00
-1.373264203894925428e+00,4.071377545620697092e+00
-1.366749763044810440e+00,4.068873416536063381e+00
-1.358250236955189205e+00,4.066193025218722390e+00
-1.351735796105074217e+00,4.064405643586948003e+00
-1.348264203894925295e+00,4.063463718174067374e+00
-1.341749763044810306e+00,4.061517606131864078e+00
-1.333250236955189072e+00,4.058268460926795385e+00
-1.326735796105074083e+00,4.055145426450243562e+00
-1.323264203894925384e+00,4.053250688975234439e+00
-1.316749763044810395e+00,4.049371269061083467e+00
-1.308250236955189161e+00,4.044053798249532150e+00
-1.301735796105074172e+00,4.039957690093135767e+00
-1.298264203894925473e+00,4.037806795395578519e+00
-1.291749763044810484e+00,4.033798978048676709e+00
-1.283250236955189250e+00,4.028555372172700544e+00
-1.276735796105074261e+00,4.024616070633327602e+00
-1.273264203894925561e+00,4.022582718255387491e+00
-1.266749763044810573e+00,4.019002776696953383e+00
-1.258250236955189338e+00,4.014973501683251733e+00
-1.251735796105074350e+00,4.012403399652206382e+00
-1.248264203894925428e+00,4.011225596960840356e+00
-1.241749763044810440e+00,4.009285495764282281e+00
-1.233250236955189205e+00,4.007371944389330309e+00
-1.226735796105074217e+00,4.006320520834710130e+00
-1.223264203894925295e+00,4.005868230878276925e+00
-1.216749763044810306e+00,4.005086733944945188e+00
-1.208250236955189072e+00,4.003422263279009741e+00
-1.201735796105074083e+00,4.001261108059552818e+00
-1.198264203894925384e+00,3.999699689495376465e+00
-1.191749763044810395e+00,3.996088309369890013e+00
-1.183250236955189161e+00,3.990300913394792204e+00
-1.176735796105074172e+00,3.985250371076106912e+00
-1.173264203894925473e+00,3.982404246088115496e+00
-1.166749763044810484e+00,3.976841221637205326e+00
-1.158250236955189250e+00,3.969453123134462302e+00
-1.151735796105074261e+00,3.963986281971664472e+00
-1.148264203894925561e+00,3.961230379562502346e+00
-1.141749763044810573e+00,3.956434821885810305e+00
-1.133250236955189338e+00,3.950823670876689064e+00
-1.126735796105074350e+00,3.946623816813782160e+00
-1.123264203894925428e+00,3.944288369897636759e+00
-1.116749763044810440e+00,3.939485131515721772e+00
-1.108250236955189205e+00,3.932235597363026969e+00
-1.101735796105074217e+00,3.926092814166489919e+00
-1.098264203894925295e+00,3.922671745845292879e+00
-1.091749763044810306e+00,3.916175472658588674e+00
-1.083250236955189072e+00,3.907701889568202969e+00
-1.076735796105074083e+00,3.901429128846709116e+00
-1.073264203894925384e+00,3.898254471440962377e+00
-1.066749763044810395e+00,3.892697890831316787e+00
-1.058250236955189161e+00,3.886926540424679999e+00
-1.051735796105074172e+00,3.883731449095639388e+00
-1.048264203894925473e+00,3.882435784926183242e+00
-1.041749763044810484e+00,3.880499745757383767e+00
-1.033250236955189250e+00,3.877541301035809962e+00
-1.026735796105074261e+00,3.874387687385161261e+00
-1.023264203894925561e+00,3.872288165708116736e+00
-1.016749763044810573e+00,3.867811292607832740e+00
-1.008250236955189338e+00,3.861871921776386163e+00
-1.001735796105074350e+00,3.857681160630713979e+00
-9.982642038949254282e-01,3.855668146962457410e+00
-9.917497630448105506e-01,3.852192929374206987e+00
-9.832502369551890942e-01,3.847632906789282270e+00
-9.767357961050741055e-01,3.843723616051320846e+00
-9.732642038949252949e-01,3.841393512461117599e+00
-9.667497630448104173e-01,3.836568850697265276e+00
-9.582502369551889609e-01,3.829653924587661518e+00
-9.517357961050739723e-01,3.824067011451168341e+00
-9.482642038949253838e-01,3.821037053234994207e+00
-9.417497630448105062e-01,3.815265527230597087e+00
-9.332502369551890498e-01,3.807514792493802869e+00
-9.267357961050740611e-01,3.801395687399973244e+00
-9.232642038949254726e-01,3.798068968358224051e+00
-9.167497630448105950e-01,3.791759048027545376e+00
-9.082502369551891386e-01,3.783470144156823256e+00
-9.017357961050741499e-01,3.777224162681890984e+00
-8.982642038949255614e-01,3.773994118517014940e+00
-8.917497630448106838e-01,3.768203384064707340e+00
-8.832502369551892274e-01,3.761712782068336924e+00
-8.767357961050742388e-01,3.757924435156802190e+00
-8.732642038949254282e-01,3.756412637425759371e+00
-8.667497630448105506e-01,3.754555215608154750e+00
-8.582502369551890942e-01,3.753170510431860674e+00
-8.517357961050741055e-01,3.751947596207640512e+00
-8.482642038949252949e-01,3.750959948989498915e+00
-8.417497630448104173e-01,3.748201529162084267e+00
-8.332502369551889609e-01,3.743153227488297485e+00
-8.267357961050739723e-01,3.738527092700801191e+00
-8.232642038949253838e-01,3.735892264225707304e+00
-8.167497630448105062e-01,3.730697637115154119e+00
-8.082502369551890498e-01,3.723322719326057406e+00
-8.017357961050740611e-01,3.717241276696243713e+00
-7.982642038949254726e-01,3.713865660135011737e+00
-7.917497630448105950e-01,3.707401171426196296e+00
-7.832502369551891386e-01,3.699020213605820562e+00
-7.767357961050741499e-01,3.692982088131126606e+00
-7.732642038949255614e-01,3.690018033009696108e+00
-7.667497630448106838e-01,3.685029669760764737e+00
-7.582502369551892274e-01,3.679971114971487989e+00
-7.517357961050742388e-01,3.676891713656434746e+00
-7.482642038949254282e-01,3.675388878068515552e+00
-7.417497630448105506e-01,3.672444376210237227e+00
-7.332502369551890942e-01,3.667390982321260040e+00
-7.267357961050741055e-01,3.662536415044126858e+00
-7.232642038949252949e-01,3.659656690981629268e+00
-7.167497630448104173e-01,3.654053155876415104e+00
-7.082502369551889609e-01,3.647621570823956105e+00
-7.017357961050739723e-01,3.644027268265168207e+00
-6.982642038949253838e-01,3.642712502286414633e+00
-6.917497630448105062e-01,3.641317077394001345e+00
-6.832502369551890498e-01,3.639815873875065222e+00
-6.767357961050740611e-01,3.637675142110766924e+00
-6.732642038949254726e-01,3.635868724138544561e+00
-6.667497630448105950e-01,3.631302075393444628e+00
-6.582502369551891386e-01,3.624523180292313018e+00
-6.517357961050741499e-01,3.620300570161095965e+00
-6.482642038949255614e-01,3.618854037777629262e+00
-6.417497630448106838e-01,3.618254940994332980e+00
-6.332502369551892274e-01,3.620875641445911786e+00
-6.267357961050742388e-01,3.623575977343321597e+00
-6.232642038949254282e-01,3.624619821350702153e+00
-6.167497630448105506e-01,3.625201983195936339e+00
-6.082502369551890942e-01,3.623635609131792723e+00
-6.017357961050741055e-01,3.622229545269374018e+00
-5.982642038949252949e-01,3.622039175925057197e+00
-5.917497630448104173e-01,3.623588800207994343e+00
-5.832502369551889609e-01,3.634623619056945643e+00
-5.767357961050739723e-01,3.647032044913254278e+00
-5.732642038949253838e-01,3.654542136355865001e+00
-5.667497630448105062e-01,3.660235033783153735e+00
-5.582502369551890498e-01,3.673719344443330481e+00
-5.517357961050740611e-01,3.698960364109494581e+00
-5.482642038949254726e-01,3.720181830330460127e+00
-5.417497630448105950e-01,3.759203607864926244e+00
-5.332502369551891386e-01,3.829781903370889307e+00
-5.267357961050741499e-01,3.884101673018955037e+00
-5.232642038949255614e-01,3.904041148885948775e+00
-5.167497630448106838e-01,3.921165138367920466e+00
-5.082502369551892274e-01,3.971121284919953087e+00
-5.017357961050742388e-01,4.008629863478367916e+00
-4.982642038949254837e-01,4.016648561683736851e+00
-4.917497630448105506e-01,4.026538442970170273e+00
-4.832502369551890942e-01,4.044650200407815532e+00
-4.767357961050741610e-01,4.051502896175207979e+00
-4.732642038949255725e-01,4.049585062139223091e+00
-4.667497630448106394e-01,4.052532495070330754e+00
-4.582502369551891830e-01,4.061813867152264557e+00
-4.517357961050742499e-01,4.066014742692456885e+00
-4.482642038949256613e-01,4.065502468175421491e+00
-4.417497630448107282e-01,4.064501751678141872e+00
-4.332502369551892718e-01,4.068881224160151966e+00
-4.267357961050743387e-01,4.074459470681819795e+00
-4.232642038949253060e-01,4.077303067200919173e+00
-4.167497630448103729e-01,4.080657742734826066e+00
-4.082502369551889165e-01,4.081938589762987846e+00
-4.017357961050739834e-01,4.081886627334905704e+00
-3.982642038949253949e-01,4.081944482810514252e+00
-3.917497630448104617e-01,4.082804885967994402e+00
-3.832502369551890054e-01,4.085050233377677920e+00
-3.767357961050740722e-01,4.086854940867098662e+00
-3.732642038949254837e-01,4.087599700086008703e+00
-3.667497630448105506e-01,4.088089100717819058e+00
-3.582502369551890942e-01,4.087379695095704868e+00
-3.517357961050741610e-01,4.086215369989218082e+00
-3.482642038949255725e-01,4.085477162896211212e+00
-3.417497630448106394e-01,4.083958635149073757e+00
-3.332502369551891830e-01,4.081321696820199740e+00
-3.267357961050742499e-01,4.078967770840972840e+00
-3.232642038949256613e-01,4.077687430101974542e+00
-3.167497630448107282e-01,4.075630526533482900e+00
-3.082502369551892718e-01,4.074242301144541223e+00
-3.017357961050743387e-01,4.073486930401640116e+00
-2.982642038949253060e-01,4.072932232731538704e+00
-2.917497630448103729e-01,4.070836466060558045e+00
-2.832502369551889165e-01,4.066002507614611794e+00
-2.767357961050739834e-01,4.061253998284438005e+00
-2.732642038949253949e-01,4.058557747107946589e+00
-2.667497630448104617e-01,4.053447809691596682e+00
-2.582502369551890054e-01,4.047227462709757084e+00
-2.517357961050740722e-01,4.043573012233257380e+00
-2.482642038949254837e-01,4.042207125729477823e+00
-2.417497630448105228e-01,4.041185586179675049e+00
-2.332502369551891219e-01,4.040848334044332191e+00
-2.267357961050741610e-01,4.039357480029269531e+00
-2.232642038949255725e-01,4.037573099821616829e+00
-2.167497630448106116e-01,4.032208049589871557e+00
-2.082502369551892107e-01,4.023285177029144677e+00
-2.017357961050742499e-01,4.016590006610932129e+00
-1.982642038949256613e-01,4.013533549060123384e+00
-1.917497630448107004e-01,4.009017490244741744e+00
-1.832502369551892996e-01,4.005579044462518112e+00
-1.767357961050743387e-01,4.003847998907287042e+00
-1.732642038949253060e-01,4.002918055985958290e+00
-1.667497630448103452e-01,4.000384094509255029e+00
-1.582502369551889443e-01,3.995438096971291930e+00
-1.517357961050739834e-01,3.990837711525435427e+00
-1.482642038949253949e-01,3.988234226662235926e+00
-1.417497630448104340e-01,3.983290672369248497e+00
-1.332502369551890331e-01,3.976150861173714635e+00
-1.267357961050740722e-01,3.970026547557967245e+00
-1.232642038949254837e-01,3.966536128822333751e+00
-1.167497630448105228e-01,3.959775507734268896e+00
-1.082502369551891219e-01,3.951420464006741629e+00
-1.017357961050741610e-01,3.945649486686001683e+00
-9.826420389492557250e-02,3.942836581167186605e+00
-9.174976304481061162e-02,3.937867213790056553e+00
-8.325023695518921074e-02,3.931275288981193938e+00
-7.673579610507424986e-02,3.925947886237835860e+00
-7.326420389492566132e-02,3.922989780289776629e+00
-6.674976304481070044e-02,3.917406918335546440e+00
-5.825023695518929956e-02,3.910540294761229330e+00
-5.173579610507433868e-02,3.905641136255766366e+00
-4.826420389492529911e-02,3.903149435102947873e+00
-4.174976304481034517e-02,3.898505997018814284e+00
-3.325023695518894429e-02,3.892326715110381752e+00
-2.673579610507397994e-02,3.887591674795599417e+00
-2.326420389492538793e-02,3.885105469042857695e+00
-1.674976304481043399e-02,3.880637289216470887e+00
-8.250236955189029636e-03,3.875015105961535422e+00
-1.735796105074068757e-03,3.870566552107360891e+00
1.735796105074521520e-03,3.868055494504929470e+00
8.250236955189475460e-03,3.862965283969483465e+00
1.674976304481088155e-02,3.855702882226970996e+00
2.326420389492584243e-02,3.849817633861363220e+00
2.673579610507443444e-02,3.846613161291527305e+00
3.325023695518938838e-02,3.840530117902971607e+00
4.174976304481078926e-02,3.832459839182359218e+00
4.826420389492575014e-02,3.826309358546188477e+00
5.173579610507434562e-02,3.823099621698167638e+00
5.825023695518929956e-02,3.817294335484302081e+00
6.674976304481070044e-02,3.810382803206304292e+00
7.326420389492566132e-02,3.805394496500081214e+00
7.673579610507469395e-02,3.802755020240095263e+00
8.325023695518965483e-02,3.797583375689110863e+00
9.174976304481105571e-02,3.789879410489156442e+00
9.826420389492601659e-02,3.783248985187106950e+00
1.017357961050746051e-01,3.779492670630386186e+00
1.082502369551895660e-01,3.772275355446852441e+00
1.167497630448109669e-01,3.763088994490962236e+00
1.232642038949259278e-01,3.756653549460860386e+00
1.267357961050745163e-01,3.753561636060431805e+00
1.332502369551894772e-01,3.748453624474256340e+00
1.417497630448108781e-01,3.743021673144238282e+00
1.482642038949258390e-01,3.739176904233862064e+00
1.517357961050744275e-01,3.737022211078055545e+00
1.582502369551893884e-01,3.732400005166510493e+00
1.667497630448107893e-01,3.724819856771345084e+00
1.732642038949257501e-01,3.718095878619501971e+00
1.767357961050743387e-01,3.714321500407125054e+00
1.832502369551892996e-01,3.707201245828326108e+00
1.917497630448107004e-01,3.698814731982215331e+00
1.982642038949256613e-01,3.693601089673570925e+00
2.017357961050746940e-01,3.691355560741065300e+00
2.082502369551896548e-01,3.688108068773092274e+00
2.167497630448110557e-01,3.684295258359607583e+00
2.232642038949260166e-01,3.680522225444775586e+00
2.267357961050746051e-01,3.677885952930431301e+00
2.332502369551895660e-01,3.671749589440547634e+00
2.417497630448109669e-01,3.662364352629641218e+00
2.482642038949259278e-01,3.655438187024250496e+00
2.517357961050745163e-01,3.652270887473080041e+00
2.582502369551894494e-01,3.647826272823984528e+00
2.667497630448109058e-01,3.645668604029478121e+00
2.732642038949258390e-01,3.645487974131941034e+00
2.767357961050748716e-01,3.645423696698424809e+00
2.832502369551898047e-01,3.644001441037776789e+00
2.917497630448112611e-01,3.638963301208445245e+00
2.982642038949261942e-01,3.633487663606231877e+00
3.017357961050747828e-01,3.630301525787677175e+00
3.082502369551897159e-01,3.624528699965870349e+00
3.167497630448111723e-01,3.617902610196834789e+00
3.232642038949261054e-01,3.614762254210391657e+00
3.267357961050746940e-01,3.614134509889169067e+00
3.332502369551896271e-01,3.615996293352083057e+00
3.417497630448110835e-01,3.623103426978392605e+00
3.482642038949260166e-01,3.628982999495065531e+00
3.517357961050746051e-01,3.631312271852449758e+00
3.582502369551895383e-01,3.632895840565095735e+00
3.667497630448109946e-01,3.632723658587475146e+00
3.732642038949259278e-01,3.634016870080091000e+00
3.767357961050745163e-01,3.635969554995600816e+00
3.832502369551894494e-01,3.643561575616187209e+00
3.917497630448109058e-01,3.656471664621649520e+00
3.982642038949258390e-01,3.664390444904516375e+00
4.017357961050748716e-01,3.666895487189918423e+00
4.082502369551898047e-01,3.668341379220887877e+00
4.167497630448112611e-01,3.674897535797925219e+00
4.232642038949261942e-01,3.684462571708206458e+00
4.267357961050747828e-01,3.691345756837386194e+00
4.332502369551897159e-01,3.700275042064882225e+00
4.417497630448111723e-01,3.712108941645426707e+00
4.482642038949261054e-01,3.728547816075897803e+00
4.517357961050746940e-01,3.741985222072097717e+00
4.582502369551896271e-01,3.770923287636987808e+00
4.667497630448110835e-01,3.799175406360559393e+00
4.732642038949260166e-01,3.817762017038127009e+00
4.767357961050746051e-01,3.828642816941235427e+00
4.832502369551895383e-01,3.856276209903531704e+00
4.917497630448109946e-01,3.888859303262492073e+00
4.982642038949259278e-01,3.908624720196566482e+00
5.017357961050745718e-01,3.917439257192940616e+00
5.082502369551894494e-01,3.932868941405191610e+00
5.167497630448109058e-01,3.951032381817071837e+00
5.232642038949258945e-01,3.965292907552484980e+00
5.267357961050749271e-01,3.973822481290654185e+00
5.332502369551898047e-01,3.986551690222817967e+00
5.417497630448112611e-01,3.997280394460419384e+00
5.482642038949262497e-01,4.006177048536969210e+00
5.517357961050748383e-01,4.012757143933709081e+00
5.582502369551897159e-01,4.025856329615699281e+00
5.667497630448111723e-01,4.035456572711162870e+00
5.732642038949261609e-01,4.038836045414124776e+00
5.767357961050747495e-01,4.040124292909015757e+00
5.832502369551896271e-01,4.044365911704460359e+00
5.917497630448110835e-01,4.051053727537030191e+00
5.982642038949260721e-01,4.056092432499183609e+00
6.017357961050746606e-01,4.058473108509662808e+00
6.082502369551895383e-01,4.063094493656117301e+00
6.167497630448109946e-01,4.068559594462466400e+00
6.232642038949259833e-01,4.069880939186526270e+00
6.267357961050745718e-01,4.068709136187453446e+00
6.332502369551894494e-01,4.062637496531853465e+00
6.417497630448109058e-01,4.045655082447372486e+00
6.482642038949258945e-01,4.025594744115834622e+00
6.517357961050749271e-01,4.012479852389820856e+00
6.582502369551898047e-01,3.984845489154949849e+00
6.667497630448112611e-01,3.948088551768757171e+00
6.732642038949262497e-01,3.922649752750129171e+00
6.767357961050748383e-01,3.911111453923323378e+00
6.832502369551897159e-01,3.893519872757488454e+00
6.917497630448111723e-01,3.883992593797060078e+00
6.982642038949261609e-01,3.887552123626747402e+00
7.017357961050747495e-01,3.893066766716370086e+00
7.082502369551896271e-01,3.907747119032948024e+00
7.167497630448110835e-01,3.926874743131896661e+00
7.232642038949260721e-01,3.940123050457259968e+00
7.267357961050746606e-01,3.946668654667635945e+00
7.332502369551895383e-01,3.960792241311352768e+00
7.417497630448109946e-01,3.986079364952411552e+00
7.482642038949259833e-01,4.008993633877856233e+00
7.517357961050745718e-01,4.021677809003235460e+00
7.582502369551894494e-01,4.043885518578530736e+00
7.667497630448109058e-01,4.068081935436786978e+00
7.732642038949258945e-01,4.084829640452404931e+00
7.767357961050749271e-01,4.093855902817812087e+00
7.832502369551898047e-01,4.112945694662177409e+00
7.917497630448112611e-01,4.142897798063338577e+00
7.982642038949262497e-01,4.167791446868540639e+00
8.017357961050748383e-01,4.181060711814382991e+00
8.082502369551897159e-01,4.204285907977592274e+00
8.167497630448111723e-01,4.231617025155654410e+00
8.232642038949261609e-01,4.251814322590399264e+00
8.267357961050747495e-01,4.262851842037125749e+00
8.332502369551896271e-01,4.284297683910025079e+00
8.417497630448110835e-01,4.313088092065534340e+00
8.482642038949260721e-01,4.333675662391837768e+00
8.517357961050746606e-01,4.343227085173094082e+00
8.582502369551895383e-01,4.357276176926307087e+00
8.667497630448109946e-01,4.360105106239934081e+00
8.732642038949259833e-01,4.349082904738396316e+00
8.767357961050745718e-01,4.338686853088664641e+00
8.832502369551894494e-01,4.313414312394875161e+00
8.917497630448109058e-01,4.279391052108466376e+00
8.982642038949258945e-01,4.255941578688172910e+00
9.017357961050749271e-01,4.244882558745561418e+00
9.082502369551898047e-01,4.224558105854587353e+00
9.167497630448112611e-01,4.189396928465370706e+00
9.232642038949262497e-01,4.153794999892899575e+00
9.267357961050748383e-01,4.131605613482667749e+00
9.332502369551897159e-01,4.086980737138259379e+00
9.417497630448111723e-01,4.028551589269237176e+00
9.482642038949261609e-01,3.985366187803910609e+00
9.517357961050747495e-01,3.963270808440721993e+00
9.582502369551896271e-01,3.922415866199457923e+00
9.667497630448110835e-01,3.870003616616319420e+00
9.732642038949260721e-01,3.831025518898291349e+00
9.767357961050746606e-01,3.810780486946514944e+00
9.832502369551895383e-01,3.774535818233411444e+00
9.917497630448109946e-01,3.728888453921380020e+00
9.982642038949259833e-01,3.696775415703879020e+00
1.001735796105074572e+00,3.681509633613743393e+00
1.008250236955189560e+00,3.658729121319373778e+00
1.016749763044810795e+00,3.647622205475545609e+00
1.023264203894925783e+00,3.653192610214386349e+00
1.026735796105074927e+00,3.660623099434687333e+00
1.033250236955189916e+00,3.679162929887584976e+00
1.041749763044811150e+00,3.704475473549360576e+00
1.048264203894926139e+00,3.722166973275572222e+00
1.051735796105074838e+00,3.730412771848504949e+00
1.058250236955189827e+00,3.745187888020854228e+00
1.066749763044811061e+00,3.761798447929211253e+00
1.073264203894926050e+00,3.771584067365949977e+00
1.076735796105074749e+00,3.775642903368963577e+00
1.083250236955189738e+00,3.781238352124187241e+00
1.091749763044810972e+00,3.790695393460816742e+00
1.098264203894925961e+00,3.802286230341696438e+00
1.101735796105074661e+00,3.810522047490774611e+00
1.108250236955189649e+00,3.828843767325552871e+00
1.116749763044810884e+00,3.852902497681125027e+00
1.123264203894925872e+00,3.870277630670499125e+00
1.126735796105074572e+00,3.879078008705878489e+00
1.133250236955189560e+00,3.896335665181240415e+00
1.141749763044810795e+00,3.922720273792810186e+00
1.148264203894925783e+00,3.943762237307021135e+00
1.151735796105074927e+00,3.954422988475814638e+00
1.158250236955189916e+00,3.970434231068221909e+00
1.166749763044811150e+00,3.982551905834641914e+00
1.173264203894926139e+00,3.987521252386997173e+00
1.176735796105074838e+00,3.989350008132573677e+00
1.183250236955189827e+00,3.993219523326727582e+00
1.191749763044811061e+00,3.993811691624371552e+00
1.198264203894926050e+00,3.987146239894247657e+00
1.201735796105074749e+00,3.980302703449460022e+00
1.208250236955189738e+00,3.961265153503649827e+00
1.216749763044810972e+00,3.934446804097804673e+00
1.223264203894925961e+00,3.918220518316036571e+00
1.226735796105074661e+00,3.912338232958180395e+00
1.233250236955189649e+00,3.906043371524977825e+00
1.241749763044810884e+00,3.893078967787168221e+00
1.248264203894925872e+00,3.873804472041536773e+00
1.251735796105074572e+00,3.858998092922221179e+00
1.258250236955189560e+00,3.826191581173519651e+00
1.266749763044810795e+00,3.778643281916064023e+00
1.273264203894925783e+00,3.741121589173574069e+00
1.276735796105074927e+00,3.721409004430049183e+00
1.283250236955189916e+00,3.685668867508466562e+00
1.291749763044811150e+00,3.643445302813419939e+00
1.298264203894926139e+00,3.613520377706352260e+00
1.301735796105074838e+00,3.598160180426242416e+00
1.308250236955189827e+00,3.568747272588810748e+00
1.316749763044811061e+00,3.533811035136826373e+00
1.323264203894926050e+00,3.510908790986041250e+00
1.326735796105074749e+00,3.500309743475507940e+00
1.333250236955189738e+00,3.480730937451925744e+00
1.341749763044810972e+00,3.453637714124448976e+00
1.348264203894925961e+00,3.437970732007105124e+00
1.351735796105074661e+00,3.433434139848422273e+00
1.358250236955189649e+00,3.437131102171636865e+00
1.366749763044810884e+00,3.453962727135705180e+00
1.373264203894925872e+00,3.471895996038176779e+00
1.376735796105074572e+00,3.482344552870891619e+00
1.383250236955189560e+00,3.508403152554684379e+00
1.391749763044810795e+00,3.552986843011609608e+00
1.398264203894925783e+00,3.588232713742121494e+00
1.401735796105074927e+00,3.605137679274150742e+00
1.408250236955189916e+00,3.631829736724827118e+00
1.416749763044811150e+00,3.662533118518538799e+00
1.423264203894926139e+00,3.684954522505754060e+00
1.426735796105074838e+00,3.697315326678594527e+00
1.433250236955189827e+00,3.719958590481933225e+00
1.441749763044811061e+00,3.763418830619199351e+00
1.448264203894926050e+00,3.808491933088772985e+00
1.451735796105074749e+00,3.836567443268997124e+00
1.458250236955189738e+00,3.886335384589479247e+00
1.466749763044810972e+00,3.946593110253471703e+00
1.473264203894925961e+00,3.993241121239498259e+00
1.476735796105074661e+00,4.019788712805616449e+00
1.483250236955189649e+00,4.066790429071465596e+00
1.491749763044810884e+00,4.124747000008325948e+00
1.498264203894925872e+00,4.168688322055255746e+00
1.501735796105074572e+00,4.193319585759599732e+00
1.508250236955189560e+00,4.228689332798588829e+00
1.516749763044810795e+00,4.269763157419682820e+00
1.523264203894925783e+00,4.308048007999150997e+00
1.526735796105074927e+00,4.333501804006098190e+00
1.533250236955189916e+00,4.373446425085700362e+00
1.541749763044811150e+00,4.376574893800328603e+00
1.548264203894926139e+00,4.355253595287469359e+00
1.551735796105074838e+00,4.341635336186332239e+00
1.558250236955189827e+00,4.323179031421798157e+00
1.566749763044811061e+00,4.300880135626460543e+00
1.573264203894926050e+00,4.284996124997889844e+00
1.576735796105074749e+00,4.277155133185348568e+00
1.583250236955189738e+00,4.263791765653883736e+00
1.591749763044810972e+00,4.233205531093665819e+00
1.598264203894925961e+00,4.200043378610654798e+00
1.601735796105074661e+00,4.179482006054143106e+00
1.608250236955189649e+00,4.142524979702238319e+00
1.616749763044810884e+00,4.096673143889951518e+00
1.623264203894925872e+00,4.059371245965420982e+00
1.626735796105074572e+00,4.037515678169605771e+00
1.633250236955189560e+00,3.993990961121386629e+00
1.641749763044810795e+00,3.944225742763926235e+00
1.648264203894925783e+00,3.912261999775096033e+00
1.651735796105074927e+00,3.897062484662056736e+00
1.658250236955189916e+00,3.869915810909760001e+00
1.666749763044811150e+00,3.834799124087575617e+00
1.673264203894926139e+00,3.813138871787326689e+00
1.676735796105074838e+00,3.805021519633557947e+00
1.683250236955189827e+00,3.805224187158723126e+00
1.691749763044811061e+00,3.828923804584935642e+00
1.698264203894926050e+00,3.851162006537613536e+00
1.701735796105074749e+00,3.860551069308728600e+00
1.708250236955189738e+00,3.870731730567518625e+00
1.716749763044810972e+00,3.892079336204874895e+00
1.723264203894925961e+00,3.918963864692301513e+00
1.726735796105074661e+00,3.937514312789665016e+00
1.733250236955189649e+00,3.971942034872166349e+00
1.741749763044810884e+00,4.015046452609175809e+00
1.748264203894925872e+00,4.049146265574649739e+00
1.751735796105074572e+00,4.068676310981063970e+00
1.758250236955189560e+00,4.107333797474654880e+00
1.766749763044810795e+00,4.163070281294412034e+00
1.773264203894925783e+00,4.208161473218176241e+00
1.776735796105074927e+00,4.232225951128368635e+00
1.783250236955189916e+00,4.273721783999763879e+00
1.791749763044811150e+00,4.314810073223006803e+00
1.798264203894926139e+00,4.338425393049409884e+00
1.801735796105074838e+00,4.350553190904399514e+00
1.808250236955189827e+00,4.365669500917463530e+00
1.816749763044811061e+00,4.389098242475324874e+00
1.823264203894926050e+00,4.418248022675961728e+00
1.826735796105074749e+00,4.438951525375127716e+00
1.833250236955189738e+00,4.466767614595515745e+00
1.841749763044810972e+00,4.450523496444069416e+00
1.848264203894925961e+00,4.417362752846864637e+00
1.851735796105074661e+00,4.398942072962944927e+00
1.858250236955189649e+00,4.391817412454920522e+00
1.866749763044810884e+00,4.384152470620129805e+00
1.873264203894925872e+00,4.362598510141836528e+00
1.876735796105074572e+00,4.284085400106760311e+00
1.883250236955189560e+00,4.224018721388389963e+00
1.891749763044810795e+00,4.225937834918152447e+00
1.898264203894925783e+00,4.227472455419519548e+00
1.901735796105074927e+00,4.213597739672304776e+00
1.908250236955189916e+00,4.180517440903714466e+00
1.916749763044811150e+00,4.127188925284687393e+00
1.923264203894926139e+00,4.081875210914258645e+00
1.926735796105074838e+00,3.986627104597229021e+00
1.933250236955189827e+00,3.928865530655773153e+00
1.941749763044811061e+00,3.932695364566576757e+00
1.948264203894926050e+00,3.933916537926354540e+00
1.951735796105074749e+00,3.918862849587838593e+00
1.958250236955189738e+00,3.877806837575966004e+00
1.966749763044810972e+00,3.825060969066763850e+00
1.973264203894925961e+00,3.791619317641624409e+00
1.976735796105074661e+00,3.777400515400581416e+00
1.983250236955189649e+00,3.746745015250003252e+00
1.991749763044810884e+00,3.709323999049541243e+00
1.998264203894925872e+00,3.687824217763758128e+00
2.001735796105074350e+00,3.680191894488231252e+00
2.008250236955189560e+00,3.675283666594547416e+00
2.016749763044810795e+00,3.690258351582806906e+00
2.023264203894926005e+00,3.711779500407790255e+00
2.026735796105074705e+00,3.724567725595365086e+00
2.033250236955189916e+00,3.743274194385024511e+00
2.041749763044811150e+00,3.740695786416023960e+00
2.048264203894926361e+00,3.733737067283009470e+00
2.051735796105074616e+00,3.733539366232520251e+00
2.058250236955189827e+00,3.756603888529744584e+00
2.066749763044811061e+00,3.792467192806352472e+00
2.073264203894926272e+00,3.811402750332102851e+00
2.076735796105074527e+00,3.816017716478666610e+00
2.083250236955189738e+00,3.828592497442039555e+00
2.091749763044810972e+00,3.853762225818057718e+00
2.098264203894926183e+00,3.876121315313608040e+00
2.101735796105074439e+00,3.887749907765608359e+00
2.108250236955189649e+00,3.910333964685639874e+00
2.116749763044810884e+00,3.935340412878680194e+00
2.123264203894926094e+00,3.950879984182279259e+00
2.126735796105074350e+00,3.958124543802749695e+00
2.133250236955189560e+00,3.974864907364304756e+00
2.141749763044810795e+00,4.005584847796751724e+00
2.148264203894926005e+00,4.030206644366358226e+00
2.151735796105074705e+00,4.042175490571676022e+00
2.158250236955189916e+00,4.057390214190998101e+00
2.166749763044811150e+00,4.078777073668955921e+00
2.173264203894926361e+00,4.102650242690732973e+00
2.176735796105074616e+00,4.118564320284388458e+00
2.183250236955189827e+00,4.150925677841367012e+00
2.191749763044811061e+00,4.163759425037380169e+00
2.198264203894926272e+00,4.148952192657455740e+00
2.201735796105074527e+00,4.132983904406358100e+00
2.208250236955189738e+00,4.108475012777361712e+00
2.216749763044810972e+00,4.096039844867186197e+00
2.223264203894926183e+00,4.087836485082532612e+00
2.226735796105074439e+00,3.991761551090618809e+00
2.233250236955189649e+00,3.877823061993371567e+00
2.241749763044810884e+00,3.879090030929094102e+00
2.248264203894926094e+00,3.884169754461981316e+00
2.251735796105074350e+00,3.862007609848891576e+00
2.258250236955189560e+00,3.796505714344908800e+00
2.266749763044810795e+00,3.691048703640935624e+00
2.273264203894926005e+00,3.609124587618590230e+00
2.276735796105074705e+00,3.570921464785514754e+00
2.283250236955189916e+00,3.500775727514799485e+00
2.291749763044811150e+00,3.414483202652302651e+00
2.298264203894926361e+00,3.352412164807620609e+00
2.301735796105074616e+00,3.276833018260033814e+00
2.308250236955189827e+00,3.207146905486651267e+00
2.316749763044811061e+00,3.186638156853734305e+00
2.323264203894926272e+00,3.174828203216118805e+00
2.326735796105074527e+00,3.145512796776458231e+00
2.333250236955189738e+00,3.116298752294022645e+00
2.341749763044810972e+00,3.086905874964881225e+00
2.348264203894926183e+00,3.037866893215001696e+00
2.351735796105074439e+00,3.034716830942339794e+00
2.358250236955189649e+00,2.920392773561177435e+00
2.366749763044810884e+00,2.590256326649021723e+00
2.373264203894926094e+00,2.442550926200544037e+00
2.376735796105074350e+00,2.385943198186191605e+00
2.383250236955189560e+00,1.952926286488067875e+00
2.391749763044810795e+00,1.877737003027539764e+00
2.398264203894926005e+00,1.939308497175043611e+00
2.401735796105074705e+00,1.519444331477757038e+00
2.408250236955189916e+00,1.357253788846523479e+00
2.416749763044811150e+00,1.398790577645707467e+00
2.423264203894926361e+00,1.385119317750300505e+00
2.426735796105074616e+00,1.066116883858793551e+00
2.433250236955189827e+00,1.066116883858793551e+00
2.441749763044811061e+00,1.066116883858793551e+00
2.448264203894926272e+00,1.066116883858793551e+00
2.451735796105074527e+00,1.008667838830877184e+00
2.458250236955189738e+00,9.566876641340100740e-01
2.466749763044810972e+00,9.674787752416881270e-01
2.473264203894926183e+00,9.657125461697225743e-01
2.476735796105074439e+00,9.667298628280288630e-01
2.483250236955189649e+00,9.691172301063942784e-01
2.491749763044810884e+00,9.786853971380568007e-01
2.498264203894926094e+00,9.853001503892256929e-01
2.501735796105074350e+00,9.881588119142096227e-01
2.508250236955189560e+00,9.950092478830733222e-01
2.516749763044810795e+00,1.003471711074938932e+00
2.523264203894926005e+00,1.009968635065676024e+00
2.526735796105074705e+00,1.013463208252784797e+00
2.533250236955189916e+00,1.019942906000215865e+00
2.541749763044811150e+00,1.028379403567995176e+00
2.548264203894926361e+00,1.034812214700823185e+00
2.551735796105074616e+00,1.038225075624891192e+00
2.558250236955189827e+00,1.044597897043668011e+00
2.566749763044811061e+00,1.052840762625179893e+00
2.573264203894926272e+00,1.059094594241948739e+00
2.576735796105074527e+00,1.062402044319163297e+00
2.583250236955189738e+00,1.068557130540354061e+00
2.591749763044810972e+00,1.076477390842330628e+00
2.598264203894926183e+00,1.082455114823401177e+00
2.601735796105074439e+00,1.085605369196296133e+00
2.608250236955189649e+00,1.091446446983845631e+00
2.616749763044810884e+00,1.098920636901423720e+00
2.623264203894926094e+00,1.104528989962037189e+00
2.626735796105074350e+00,1.107472801264521189e+00
2.633250236955189560e+00,1.112908779962610728e+00
2.641749763044810795e+00,1.119820259134191920e+00
2.648264203894926005e+00,1.124971719342924947e+00
2.651735796105074705e+00,1.127663160600608672e+00
2.658250236955189916e+00,1.132609208992793270e+00
2.666749763044811150e+00,1.138850126130282803e+00
2.673264203894926361e+00,1.143464307387191292e+00
2.676735796105074616e+00,1.145861378743632253e+00
2.683250236955189827e+00,1.150240315654632584e+00
2.691749763044811061e+00,1.155713283368951849e+00
2.698264203894926272e+00,1.159718182859953872e+00
2.701735796105074527e+00,1.161783478872455921e+00
2.708250236955189738e+00,1.165526972439378861e+00
2.716749763044810972e+00,1.170146586900397301e+00
2.723264203894926183e+00,1.173479709509699154e+00
2.726735796105074439e+00,1.175181001921130397e+00
2.733250236955189649e+00,1.178230636182030500e+00
2.741749763044810884e+00,1.181924809849760782e+00
2.748264203894926094e+00,1.184534143314413868e+00
2.751735796105074350e+00,1.185844884026123980e+00
2.758250236955189560e+00,1.188153070457603322e+00
2.766749763044810795e+00,1.190864156987865741e+00
2.773264203894926005e+00,1.192708983531735489e+00
2.776735796105074705e+00,1.193608718873220065e+00
2.783250236955189916e+00,1.195139438998156001e+00
2.791749763044811150e+00,1.196825132792322943e+00
2.798264203894926361e+00,1.197876664514228695e+00
2.801735796105074616e+00,1.198351354416431258e+00
2.808250236955189827e+00,1.199080721859209220e+00
2.816749763044811061e+00,1.199714718229429211e+00
2.823264203894926272e+00,1.199956546328542650e+00
2.826735796105074527e+00,1.199998783414298664e+00
2.833250236955189738e+00,1.199915416639920851e+00
2.841749763044810972e+00,1.199487822284881933e+00
2.848264203894926183e+00,1.198916173114597861e+00
2.851735796105074439e+00,1.198525298288310781e+00
2.858250236955189649e+00,1.197630498207408412e+00
2.866749763044810884e+00,1.196147985594008478e+00
2.873264203894926094e+00,1.194771779548436275e+00
2.876735796105074350e+00,1.193953892281038653e+00
2.883250236955189560e+00,1.192261621949600503e+00
2.891749763044810795e+00,1.189747325191332639e+00
2.898264203894926005e+00,1.187588037505529437e+00
2.901735796105074705e+00,1.186355900654279205e+00
2.908250236955189916e+00,1.183892567384833061e+00
2.916749763044811150e+00,1.180385721241681729e+00
2.923264203894926361e+00,1.177477046877791533e+00
2.926735796105074616e+00,1.175849887526154491e+00
2.933250236955189827e+00,1.172653930810486855e+00
2.941749763044811061e+00,1.168209258443620557e+00
2.948264203894926272e+00,1.164596586292261371e+00
2.951735796105074527e+00,1.162599795717701445e+00
2.958250236955189738e+00,1.158721087391444859e+00
2.966749763044810972e+00,1.153407946426589614e+00
2.973264203894926183e+00,1.149147651028393557e+00
2.976735796105074439e+00,1.146812388479983236e+00
2.983250236955189649e+00,1.142311454489301381e+00
2.991749763044810884e+00,1.136212754714187589e+00
2.998264203894926094e+00,1.131371316553950734e+00
3.001735796105074350e+00,1.128734023022709421e+00
3.008250236955189560e+00,1.123681098937150402e+00
3.016749763044810795e+00,1.116892008522006208e+00
3.023264203894926005e+00,1.111544976622958147e+00
3.026735796105074705e+00,1.108646806192373990e+00
3.033250236955189916e+00,1.103120741202299193e+00
3.041749763044811150e+00,1.095747201632382817e+00
3.048264203894926361e+00,1.089978014638946613e+00
3.051735796105074616e+00,1.086864192289272557e+00
3.058250236955189827e+00,1.080951218790611623e+00
3.066749763044811061e+00,1.073108291684766735e+00
3.073264203894926272e+00,1.067006975830421478e+00
3.076735796105074527e+00,1.063726091717978051e+00
3.083250236955189738e+00,1.057518479684532275e+00
3.091749763044810972e+00,1.049328551297111112e+00
3.098264203894926183e+00,1.042990315575125226e+00
3.101735796105074439e+00,1.039593566799167368e+00
3.108250236955189649e+00,1.033188183940529026e+00
3.116749763044810884e+00,1.024779055364825053e+00
3.123264203894926094e+00,1.018302805823762425e+00
3.126735796105074350e+00,1.014843197512867334e+00
3.133250236955189560e+00,1.008339997686209522e+00
3.141749763044810795e+00,9.998428905611408402e-01
3.148264203894926005e+00,9.933296869090524339e-01
3.151735796105074705e+00,9.898612050938133677e-01
3.158250236955189916e+00,9.833616685573808303e-01
3.166749763044811150e+00,9.749091773977029973e-01
3.173264203894926361e+00,9.684606559991815189e-01
3.176735796105074616e+00,9.650374251782647406e-01
3.183250236955189827e+00,9.586429750258806948e-01
3.191749763044811061e+00,9.503669981291310576e-01
3.198264203894926272e+00,9.440837860038380214e-01
3.201735796105074527e+00,9.407592245492715222e-01
3.208250236955189738e+00,9.345696440368863600e-01
3.216749763044810972e+00,9.265993252545671188e-01
3.223264203894926183e+00,9.205794698262410591e-01
3.226735796105074439e+00,9.174054564075984075e-01
3.233250236955189649e+00,9.115173318689476778e-01
3.241749763044810884e+00,9.039770453599142996e-01
3.248264203894926094e+00,8.983144844591235412e-01
3.251735796105074350e+00,8.953405484942242865e-01
3.258250236955189560e+00,8.898457621433991660e-01
3.266749763044810795e+00,8.828531715567115024e-01
3.273264203894926005e+00,8.776362675524191914e-01
3.276735796105074705e+00,8.749088163173368571e-01
3.283250236955189916e+00,8.698931124575645102e-01
3.291749763044811150e+00,8.635573348305952690e-01
3.298264203894926361e+00,8.588674957649482522e-01
3.301735796105074616e+00,8.564290902239891645e-01
3.308250236955189827e+00,8.519707372364545561e-01
3.316749763044811061e+00,8.463906402600168688e-01
3.323264203894926272e+00,8.423010495030793798e-01
3.326735796105074527e+00,8.401897401591617021e-01
3.333250236955189738e+00,8.363583091511012091e-01
3.341749763044810972e+00,8.316209683722005641e-01
3.348264203894926183e+00,8.281954426199350516e-01
3.351735796105074439e+00,8.264441757492261287e-01
3.358250236955189649e+00,8.232994549200643997e-01
3.366749763044810884e+00,8.194787949571110675e-01
3.373264203894926094e+00,8.167707883931852875e-01
3.376735796105074350e+00,8.154068919294751305e-01
3.383250236955189560e+00,8.129979535959729331e-01
3.391749763044810795e+00,8.101535945698360441e-01
3.398264203894926005e+00,8.082053647309631605e-01
3.401735796105074705e+00,8.072501218224013009e-01
3.408250236955189916e+00,8.056145566615627862e-01
3.416749763044811150e+00,8.037908838435244840e-01
3.423264203894926361e+00,8.026328322047379116e-01
3.426735796105074616e+00,8.021011490974236935e-01
3.433250236955189827e+00,8.012644795565543321e-01
3.441749763044811061e+00,8.004899507509971590e-01
3.448264203894926272e+00,8.001401483207999377e-01
3.451735796105074527e+00,8.000403217517962906e-01
3.458250236955189738e+00,8.000156037792504060e-01
3.466749763044810972e+00,8.003023052491370359e-01
3.473264203894926183e+00,8.007662105774578931e-01
3.476735796105074439e+00,8.010997983069868544e-01
3.483250236955189649e+00,8.018874176184583868e-01
3.491749763044810884e+00,8.032308754832412356e-01
3.498264203894926094e+00,8.045012494825888316e-01
3.501735796105074350e+00,8.052630459857019751e-01
3.508250236955189560e+00,8.068507120452621528e-01
3.516749763044810795e+00,8.092299620942920990e-01
3.523264203894926005e+00,8.112869810032939943e-01
3.526735796105074705e+00,8.124650987003505520e-01
3.533250236955189916e+00,8.148280365101477907e-01
3.541749763044811150e+00,8.182059513421705566e-01
3.548264203894926361e+00,8.210175160687400719e-01
3.551735796105075060e+00,8.225935708271081559e-01
3.558250236955190271e+00,8.256949075329264032e-01
3.566749763044811505e+00,8.300187759167614310e-01
3.573264203894926716e+00,8.335410129336920937e-01
3.576735796105074527e+00,8.354904109459925232e-01
3.583250236955189738e+00,8.392817512258057278e-01
3.591749763044810972e+00,8.444841006414782747e-01
3.598264203894926183e+00,8.486620466181640232e-01
3.601735796105073995e+00,8.509543681804077053e-01
3.608250236955189205e+00,8.553765494371964317e-01
3.616749763044810440e+00,8.613761989620455362e-01
3.623264203894925650e+00,8.661446584488707856e-01
3.626735796105074350e+00,8.687441326497671312e-01
3.633250236955189560e+00,8.737281482240554231e-01
3.641749763044810795e+00,8.804314753338808863e-01
3.648264203894926005e+00,8.857160381154045581e-01
3.651735796105074705e+00,8.885821010294643330e-01
3.658250236955189916e+00,8.940501770251634284e-01
3.666749763044811150e+00,9.013525785424021386e-01
3.673264203894926361e+00,9.070707807838882530e-01
3.676735796105075060e+00,9.101587084579163545e-01
3.683250236955190271e+00,9.160255173779585647e-01
3.691749763044811505e+00,9.238130417692854701e-01
3.698264203894926716e+00,9.298756528372562613e-01
3.701735796105074527e+00,9.331372591926845317e-01
3.708250236955189738e+00,9.393112514460764118e-01
3.716749763044810972e+00,9.474623769979704235e-01
3.723264203894926183e+00,9.537747918744043929e-01
3.726735796105073995e+00,9.571591806349282194e-01
3.733250236955189205e+00,9.635440131375019313e-01
3.741749763044810440e+00,9.719315442619387291e-01
3.748264203894925650e+00,9.783952598239302745e-01
3.751735796105074350e+00,9.818496187348806359e-01
3.758250236955189560e+00,9.883456583108968241e-01
3.766749763044810795e+00,9.968387103899631896e-01
3.773264203894926005e+00,1.003352862518012145e+00
3.776735796105074705e+00,1.006823287463924688e+00
3.783250236955189916e+00,1.013329165588454206e+00
3.791749763044811150e+00,1.021795207385030269e+00
3.798264203894926361e+00,1.028258144913895000e+00
3.801735796105075060e+00,1.031690481074200472e+00
3.808250236955190271e+00,1.038104675695059154e+00
3.816749763044811505e+00,1.046411597458450915e+00
3.823264203894926716e+00,1.052722468409577061e+00
3.826735796105074527e+00,1.056063155326469438e+00
3.833250236955189738e+00,1.062285575081880040e+00
3.841749763044810972e+00,1.070303750076291527e+00
3.848264203894926183e+00,1.076364075419213862e+00
3.851735796105073995e+00,1.079560982790675583e+00
3.858250236955189205e+00,1.085494528901498112e+00
3.866749763044810440e+00,1.093098836187889722e+00
3.873264203894925650e+00,1.098814046572559100e+00
3.876735796105074350e+00,1.101817287728293682e+00
3.883250236955189560e+00,1.107369369191995023e+00
3.891749763044810795e+00,1.114441146098488877e+00
3.898264203894926005e+00,1.119722057578353969e+00
3.901735796105074705e+00,1.122484767944585515e+00
3.908250236955189916e+00,1.127568746386865328e+00
3.916749763044811150e+00,1.133997640200052670e+00
3.923264203894926361e+00,1.138761845917717563e+00
3.926735796105075060e+00,1.141240914323192746e+00
3.933250236955190271e+00,1.145777455960840907e+00
3.941749763044811505e+00,1.151463145942965838e+00
3.948264203894926716e+00,1.155636302061635590e+00
3.951735796105074527e+00,1.157793043473033245e+00
3.958250236955189738e+00,1.161711357091078645e+00
3.966749763044810972e+00,1.166565119951598950e+00
3.973264203894926183e+00,1.170082105765790415e+00
3.976735796105073995e+00,1.171882864954726156e+00
3.983250236955189205e+00,1.175121806579674022e+00
3.991749763044810440e+00,1.179067900972533778e+00
3.998264203894925650e+00,1.181873835094902736e+00
4.001735796105074350e+00,1.183290511816513568e+00
4.008250236955189116e+00,1.185799538847598367e+00
4.016749763044811239e+00,1.188776387289602887e+00
4.023264203894926005e+00,1.190827484056638186e+00
4.026735796105074705e+00,1.191837971544502883e+00
4.033250236955189472e+00,1.193577931454070429e+00
4.041749763044811594e+00,1.195539081220914790e+00
4.048264203894926361e+00,1.196803333953574189e+00
4.051735796105075060e+00,1.197391863888410679e+00
4.058250236955189827e+00,1.198335605184016828e+00
4.066749763044811949e+00,1.199250453189512733e+00
4.073264203894926716e+00,1.199708133646743669e+00
4.076735796105074527e+00,1.199865522215757707e+00
4.083250236955189294e+00,1.199998318130126806e+00
4.091749763044811417e+00,1.199852588477127391e+00
4.098264203894926183e+00,1.199496554708469942e+00
4.101735796105073995e+00,1.199220345915682273e+00
4.108250236955188761e+00,1.198540124212985392e+00
4.116749763044810884e+00,1.197336090963985189e+00
4.123264203894925650e+00,1.196171898757320662e+00
4.126735796105074350e+00,1.195466402748561974e+00
4.133250236955189116e+00,1.193983778060963896e+00
4.141749763044811239e+00,1.191740229752114244e+00
4.148264203894926005e+00,1.189786045937453185e+00
4.151735796105074705e+00,1.188662271741981247e+00
4.158250236955189472e+00,1.186400379931854987e+00
4.166749763044811594e+00,1.183152326384141251e+00
4.173264203894926361e+00,1.180438645346318038e+00
4.176735796105075060e+00,1.178914129084597029e+00
4.183250236955189827e+00,1.175908266217130738e+00
4.191749763044811949e+00,1.171706392219825199e+00
4.198264203894926716e+00,1.168275560043820827e+00
4.201735796105074527e+00,1.166374091282227354e+00
4.208250236955189294e+00,1.162671162842130901e+00
4.216749763044811417e+00,1.157581037233608612e+00
4.223264203894926183e+00,1.153486590908057829e+00
4.226735796105073995e+00,1.151237841430654107e+00
4.233250236955188761e+00,1.146895630377758213e+00
4.241749763044810884e+00,1.140996682865703660e+00
4.248264203894925650e+00,1.136302514856094348e+00
4.251735796105074350e+00,1.133741575646360911e+00
4.258250236955189116e+00,1.128827840731856158e+00
4.266749763044811239e+00,1.122212122419240510e+00
4.273264203894926005e+00,1.116991483647357120e+00
4.276735796105074705e+00,1.114158317305133261e+00
4.283250236955189472e+00,1.108749735718919549e+00
4.291749763044811594e+00,1.101520482677327273e+00
4.298264203894926361e+00,1.095854839465117081e+00
4.301735796105075060e+00,1.092793656603597396e+00
4.308250236955189827e+00,1.086974627452380382e+00
4.316749763044811949e+00,1.079244649757639118e+00
4.323264203894926716e+00,1.073222412572505391e+00
4.326735796105074527e+00,1.069980981926404118e+00
4.333250236955189294e+00,1.063842309213864690e+00
4.341749763044811417e+00,1.055732230582542952e+00
4.348264203894926183e+00,1.049447374421569545e+00
4.351735796105073995e+00,1.046076277431995383e+00
4.358250236955188761e+00,1.039713753092679216e+00
4.366749763044810884e+00,1.031350128589332504e+00
4.373264203894925650e+00,1.024900726530888484e+00
4.376735796105074350e+00,1.021452568038869746e+00
4.383250236955189116e+00,1.014965477137090843e+00
4.391749763044811239e+00,1.006478818324807678e+00
4.398264203894926005e+00,9.999655111309557753e-01
4.401735796105074705e+00,9.964940984964929527e-01
4.408250236955189472e+00,9.899836699161109754e-01
4.416749763044811594e+00,9.815064082672204648e-01
4.423264203894926361e+00,9.750308339182884865e-01
4.426735796105075060e+00,9.715903373745016225e-01
4.433250236955189827e+00,9.651581641760426100e-01
4.441749763044811949e+00,9.568225845232817273e-01
4.448264203894926716e+00,9.504857921911735730e-01
4.451735796105074527e+00,9.471298995359225259e-01
4.458250236955189294e+00,9.408763536308540898e-01
4.466749763044811417e+00,9.328125299067976384e-01
4.473264203894926183e+00,9.267134031164596664e-01
4.476735796105073995e+00,9.234944819322228327e-01
4.483250236955188761e+00,9.175171478128398839e-01
4.491749763044810884e+00,9.098509132896861473e-01
4.498264203894925650e+00,9.040846268747770864e-01
